[2, 3, 4, 7] [3, 4, 3, 8]      2   2            [2, 3, 4, 7] 
[3, 3, 8, 4]      2   2            [2, 2, 2, 3] [2, 2, 2, 3]   
   1   1            [2, 3, 4, 5, 6, 7, 8, 9] [2, 3, 4, 5, 6, 7, 
8, 9]      7   7            [3, 3, 2, 2, 5, 3] [3, 4, 2, 9, 8, 2]   
   3   3            [2, 4, 6, 5, 8, 8, 7, 7, 5, 6, 6, 6, 4, 3, 3, 
2, 9, 8, 7, 5, 4, 6, 3, 2, 6, 5, 4, 9, 8, 7] [5, 6, 5, 2, 7, 6, 9, 7, 
2, 2, 5, 4, 5, 6, 5, 4, 7, 8, 8, 5, 5, 4, 6, 2, 2, 5, 9, 8, 8, 6]   
   24   24            [2, 3, 4, 5, 6, 7, 8, 9, 2, 3, 4, 5, 6, 7, 
8, 9, 2, 3, 4, 5, 6, 7, 8, 9, 2, 3, 4, 5, 6, 7, 8, 9, 2, 3, 4, 5, 6, 7, 
8, 9, 2, 3, 4, 5, 6, 7, 8, 9] [2, 3, 4, 5, 6, 7, 8, 9, 2, 3, 4, 5, 6, 
7, 8, 9, 2, 3, 4, 5, 6, 7, 8, 9, 2, 3, 4, 5, 6, 7, 8, 9, 2, 3, 4, 5, 6, 
7, 8, 9, 2, 3, 4, 5, 6, 7, 8, 9]      42   42            [2, 3, 4, 
5, 6, 7, 8, 9, 2, 3, 4, 5, 6, 7, 8, 9, 2, 3, 4, 5, 6, 7, 8, 9, 2, 3, 4, 
5, 6, 7, 8, 9, 2, 3, 4, 5, 6, 7, 8, 9, 2, 3, 4, 5, 6, 7, 8, 9] [2, 2, 
2, 2, 2, 2, 2, 2, 2, 2, 2, 2, 2, 2, 2, 2, 2, 2, 2, 2, 2, 2, 2, 2, 2, 2, 
2, 2, 2, 2, 2, 2, 2, 2, 2, 2, 2, 2, 2, 2, 2, 2, 2, 2, 2, 2, 2, 2]   
   42   42            [3, 4, 5, 6, 7, 8, 9, 3, 4, 5, 6, 7, 8, 9, 
3, 4, 5, 6, 7, 8, 9, 3, 4, 5, 6, 7, 8, 9, 3, 4, 5, 6, 7, 8, 9, 3, 4, 5, 
6, 7, 8, 9, 3, 4, 5, 6, 7, 8, 9, 3] [2, 2, 2, 2, 2, 2, 2, 2, 2, 2, 2, 
2, 2, 2, 2, 2, 2, 2, 2, 2, 2, 2, 2, 2, 2, 2, 2, 2, 2, 2, 2, 2, 2, 2, 2, 
2, 2, 2, 2, 2, 2, 2, 2, 2, 2, 2, 2, 2, 2, 2]      50   50            
[2, 3, 4, 2, 3, 4, 2, 3, 4, 2, 3, 4, 2, 3, 4, 2, 3, 4, 2, 3, 4] [4, 5, 
6, 4, 5, 6, 4, 5, 6, 4, 5, 6, 4, 5, 6, 4, 5, 6, 4, 5, 6]      0   
0            [2, 4, 6, 8] [3, 5, 7, 9]      3   3            [4, 
4, 2, 4, 4, 6, 4, 2, 6, 7, 8, 2, 3, 5, 2, 7, 2, 6, 2, 9, 3, 3, 5, 2, 5, 
3, 2, 2, 3, 5, 5, 5, 2, 6, 6, 8, 6, 5, 4, 3, 2, 4, 4, 6, 4, 4, 5, 6, 4] 
[4, 4, 2, 4, 4, 6, 4, 2, 6, 7, 8, 2, 3, 5, 2, 7, 2, 3, 4, 2, 6, 2, 7, 8, 
9, 3, 3, 5, 2, 5, 3, 2, 2, 3, 5, 2, 6, 6, 4, 3, 2, 4, 4, 6, 4, 4, 5, 6, 
4]      38   38            [2, 6, 2, 3, 7, 2, 2, 3, 6, 3, 3, 6, 4, 
4, 6, 2, 3, 4, 6, 6, 6, 3, 4, 5, 4, 3, 6, 2, 3, 6, 4, 6] [5, 9, 9, 6, 
7, 5, 5, 9, 6, 7, 7, 6, 5, 5, 5, 9, 6, 9, 7, 7, 7, 6, 5, 5, 9, 6, 7, 9, 
6, 5, 7, 6]      10   10            [5, 9, 9, 6, 7, 5, 5, 9, 6, 7, 
7, 6, 5, 5, 5, 9, 6, 9, 7, 7, 7, 6, 5, 5, 9, 6, 7, 9, 6, 5, 7, 6] [2, 
6, 2, 3, 7, 2, 2, 3, 6, 3, 3, 6, 4, 4, 6, 2, 3, 4, 6, 6, 6, 3, 4, 5, 4, 
3, 6, 2, 3, 6, 4, 6]      32   32            [5, 6, 5, 6] [6, 5, 
6, 5]      2   2            [2, 3, 4, 5, 6, 7, 8, 9, 2, 3, 4, 5, 
6, 7, 8, 9, 2, 3, 4, 5, 6, 7, 8, 9] [5, 5, 5, 5, 5, 5, 5, 5, 5, 5, 5, 
5, 5, 5, 5, 5, 5, 5, 5, 5, 5, 5, 5, 5]      12   12            [2, 
3, 4, 5, 6, 7, 8, 9, 2, 3, 4, 5, 6, 7, 8, 9, 2, 3, 4, 5, 6, 7, 8, 9, 2, 
3, 4, 5, 6, 7, 8, 9, 2, 3, 4, 5, 6, 7, 8, 9, 2, 3, 4, 5, 6, 7, 8, 9] 
[2, 3, 4, 5, 6, 7, 8, 9, 2, 3, 4, 5, 6, 7, 8, 9, 2, 3, 4, 5, 6, 7, 8, 9, 
2, 3, 4, 5, 6, 7, 8, 9, 2, 3, 4, 5, 6, 7, 8, 9, 2, 3, 4, 5, 6, 7, 8, 9]   
   42   42            [2, 3, 4, 5, 6, 7, 8, 9, 2, 3, 4, 5, 6, 7, 
8, 9, 2, 3, 4, 5, 6, 7, 8, 9, 2, 3, 4, 5, 6, 7, 8, 9, 2, 3, 4, 5, 6, 7, 
8, 9, 2, 3, 4, 5, 6, 7, 8, 9, 2, 3] [2, 3, 4, 5, 6, 7, 8, 9, 2, 3, 4, 
5, 6, 7, 8, 9, 2, 3, 4, 5, 6, 7, 8, 9, 2, 3, 4, 5, 6, 7, 8, 9, 2, 3, 4, 
5, 6, 7, 8, 9, 2, 3, 4, 5, 6, 7, 8, 9, 2, 3]      43   43            
[9, 8, 7, 6, 5, 4, 3, 2] [2, 3, 4, 5, 6, 7, 8, 9]      7   7            
[9, 9, 9, 9] [2, 2, 2, 2]      4   4            [2, 3, 4, 5, 6, 
7, 8, 9, 2, 3, 4, 5, 6, 7, 8, 9, 2, 3, 4, 5, 6, 7, 8, 9, 2, 3, 4, 5, 6, 
7, 8, 9, 2, 3, 4, 5, 6, 7, 8, 9, 2, 3, 4, 5, 6, 7, 8, 9, 3, 3] [2, 3, 
4, 5, 6, 7, 8, 9, 2, 3, 4, 5, 6, 7, 8, 9, 2, 3, 4, 5, 6, 7, 8, 9, 2, 3, 
4, 5, 6, 7, 8, 9, 2, 3, 4, 5, 6, 7, 8, 9, 2, 3, 4, 5, 6, 7, 8, 9, 3, 3]   
   42   42            [9, 9, 9, 9, 9, 9, 9, 9, 9, 9, 9, 9, 9, 9, 
9, 9, 9, 9, 9, 9, 9, 9, 9, 9, 9, 9, 9, 9, 9, 9, 9, 9, 9, 9, 9, 9, 9, 9, 
9, 9, 9, 9, 9, 9, 9, 9, 9, 9, 9, 9] [8, 8, 8, 8, 8, 8, 8, 8, 8, 8, 8, 
8, 8, 8, 8, 8, 8, 8, 8, 8, 8, 8, 8, 8, 8, 8, 8, 8, 8, 8, 8, 8, 8, 8, 8, 
8, 8, 8, 8, 8, 8, 8, 8, 8, 8, 8, 8, 8, 8, 8]      50   50        
