[1, 2, 3] 12 12  
[1, 3, 2, 1, 1, 3] 36 36  
[1000, 999, 998, 997, 996, 995] 986074810223904000 986074810223904000  
[1, 1, 1, 1] 2 2  
[1, 2, 3, 4, 5, 6, 7, 8, 9, 10, 11, 12, 13, 14, 15] 2615348736000 2615348736000  
[1, 3] 6 6  
[1, 3, 3] 18 18  
[6, 3, 2, 3, 2] 324 324  
[7, 4, 1, 2, 1, 1, 3, 2] 672 672  
[5, 1, 2, 2, 6, 5, 1, 3, 2, 2, 1, 3] 43200 43200  
[1, 1, 2, 3, 3, 2, 5, 1, 1, 6, 4, 1, 5, 1, 6, 2] 518400 518400  
[3, 2, 3, 1, 1, 5, 1, 2, 2, 2, 3, 1, 3, 1, 1, 1, 2, 6, 1, 3, 4, 1] 1866240 1866240  
[3, 3, 1, 3, 3, 6, 4, 2, 3, 1, 4, 4, 1, 1, 2, 3, 3, 3, 2, 1, 2, 5, 2, 3, 1, 3, 3, 1, 1] 21767823360 21767823360  
[1, 1, 2, 4, 2, 3, 4, 2, 2, 1, 6, 3, 2, 2, 1, 1, 2, 3, 4, 2, 6, 3, 1, 3, 5, 2, 3, 1, 3, 2, 3, 2, 2, 4, 1, 1] 2476694568960 2476694568960  
[3, 1, 1, 1, 4, 3, 2, 4, 1, 1, 3, 3, 3, 2, 2, 1, 3, 2, 6, 2, 5, 4, 1, 3, 3, 6, 2, 3, 6, 3, 5, 7, 3, 7, 2, 2, 1, 1, 1, 1, 4, 3, 5, 3, 4, 1, 3] 3317625251168256000 3317625251168256000  
[1, 3, 2, 2, 3, 2, 3, 1, 3, 1, 3, 1, 2, 4, 4, 1, 4, 1, 2, 4, 2, 1, 2, 3, 2, 3, 3, 4, 1, 1, 6, 3, 2, 1, 1, 3, 2, 3, 3, 1, 4, 3, 9, 3, 1, 3, 2, 2, 7, 5] 909977211749007360 909977211749007360  
[4, 2, 3, 1, 3, 2, 3, 1, 4, 4, 2, 2, 3, 3, 2, 3, 1, 1, 1, 3, 4, 3, 3, 3, 3, 1, 8, 5, 4, 4, 2, 4, 3, 1, 2, 1, 8, 1, 2, 2, 3, 1, 2, 1, 1, 3, 3, 2, 1, 4] 1232561725966909440 1232561725966909440  
[3, 3, 1, 4, 1, 4, 4, 1, 3, 5, 1, 1, 3, 4, 3, 1, 1, 3, 2, 1, 3, 5, 3, 2, 1, 3, 1, 4, 1, 2, 6, 1, 3, 6, 2, 1, 4, 1, 2, 1, 3, 4, 2, 2, 2, 4, 6, 3, 4, 2] 770351078729318400 770351078729318400  
[5, 1, 4] 40 40  
[10, 1, 5, 1, 2, 1, 1, 6] 1200 1200  
[1, 3, 7, 2, 1, 2, 1, 21, 8, 4, 4, 3, 6, 4, 8, 3] 780337152 780337152  
[6, 3, 4, 4, 2, 8, 1, 8, 2, 5, 2, 1, 8, 2, 3, 1, 2, 3, 2, 3, 3, 11, 1, 4, 4, 2, 5, 3, 4] 161443794124800 161443794124800  
[2, 2, 1, 3, 4, 6, 1, 1, 3, 3, 1, 2, 7, 2, 2, 1, 5, 4, 1, 1, 3, 7, 3, 2, 7, 11, 1, 1, 1, 7, 1, 5, 8, 1, 1, 1, 7, 3, 3, 3, 1, 2, 1, 6, 3, 11, 2] 2360963662538342400 2360963662538342400  
[4, 2, 4, 2, 1, 1, 4, 7, 1, 3, 2, 1, 3, 5, 2, 2, 2, 1, 5, 5, 2, 1, 3, 4, 5, 6, 1, 1, 2, 6, 2, 3, 1, 3, 9, 6, 3, 2, 1, 1, 5, 2, 3, 5, 1, 1, 1, 1, 3, 2] 2925595459584000000 2925595459584000000  
[881, 848, 22, 759, 686, 235, 855] 1797626514935512800 1797626514935512800  
[800, 308, 172, 89, 542, 109, 602] 135654415852032000 135654415852032000  
[935, 836, 971, 516, 885, 844] 293098353412642800 293098353412642800  
[684, 873, 18, 422, 236, 163, 185, 56] 1908076400504628480 1908076400504628480  
[147, 731, 181, 103, 90, 229, 791] 33022037742265299 33022037742265299  
[498, 538, 210, 485, 211, 450, 834] 2171185010538282000 2171185010538282000  
[210, 538, 834, 498, 450, 485, 211] 2171185010538282000 2171185010538282000  
[485, 538, 211, 210, 834, 498, 450] 2171185010538282000 2171185010538282000  
[485, 210, 498, 538, 211, 450, 834] 2171185010538282000 2171185010538282000  
[485, 210, 450, 834, 211, 538, 498] 2171185010538282000 2171185010538282000  
[485, 498, 538, 210, 450, 211, 834] 2171185010538282000 2171185010538282000  
[688, 794, 325, 116, 283, 232, 840] 1145597005792512000 1145597005792512000  
[116, 840, 232, 283, 794, 688, 325] 1145597005792512000 1145597005792512000  
[232, 840, 794, 325, 116, 283, 688] 1145597005792512000 1145597005792512000  
[325, 688, 232, 116, 794, 840, 2, 283] 3407416735177728000 3407416735177728000  
[325, 840, 688, 794, 232, 2, 283, 116] 3407416735177728000 3407416735177728000  
[840, 232, 2, 688, 283, 794, 325, 116] 3407416735177728000 3407416735177728000  
[2, 2, 2, 2, 2, 2, 2, 2, 2, 1, 1, 1, 1, 1, 1, 1, 2, 2, 2, 2, 1, 2, 1, 1, 1, 2, 2, 1, 1, 1, 2, 2, 1, 1, 2, 1, 1, 1, 1, 2, 1, 1, 1, 2, 1, 2, 1, 2, 1, 2] 33554432 33554432  
[2, 1, 2, 3, 3, 3, 2, 2, 2, 3, 2, 3, 2, 2, 3, 2, 3, 3, 3, 1, 2, 3, 2, 2, 2, 2, 2, 3, 1, 2, 3, 1, 3, 3, 3, 2, 3, 3, 3, 3, 2, 3, 2, 3, 3, 3, 2, 2, 2, 3] 2369190669160808448 2369190669160808448  
[4, 5, 3, 1, 4, 3, 3, 5, 3, 5, 1, 4, 4, 5, 5, 4, 1, 4, 1, 4, 3, 5, 1, 4, 3, 4, 1, 1, 2, 4, 5, 4, 1, 4, 3, 2, 5, 5, 2, 3] 3439853568000000000 3439853568000000000  
[6, 4, 2, 4, 1, 7, 6, 4, 7, 6, 5, 4, 7, 6, 5, 1, 6, 4, 3, 3, 7, 5, 3, 6, 2, 5, 2, 4, 2, 1, 4] 991090610012160000 991090610012160000  
[10, 8, 10, 7, 5, 1, 8, 12, 12, 4, 10, 5, 3, 4, 11, 2, 5, 2, 7, 2, 2, 8, 6, 8, 2] 732476473344000000 732476473344000000  
[5, 9, 16, 16, 6, 18, 6, 10, 8, 6, 4, 7, 3, 12, 7, 2, 16, 10, 18, 7, 1] 2038814969167872000 2038814969167872000  
[21, 20, 14, 9, 14, 5, 9, 16, 13, 5, 10, 3, 25, 6, 11, 4, 4, 18, 2] 1482902733312000000 1482902733312000000  
[1, 30, 23, 5, 13, 9, 11, 23, 26, 5, 21, 10, 35, 22, 37, 6] 953151246847800000 953151246847800000  
[46, 11, 19, 29, 9, 14, 20, 30, 37, 47, 10, 16, 29] 188972654787840000 188972654787840000  
[70, 67, 43, 28, 75, 11, 47, 44, 86, 57, 15] 772781896323360000 772781896323360000  
[202, 29, 135, 196, 166, 258, 196, 141] 189786554765740800 189786554765740800  
[600, 10, 431, 203, 138, 156, 633] 7869092282251200 7869092282251200  
[2, 2, 2, 2, 2, 2, 2, 2, 2, 2, 2, 2, 2, 2, 2, 2, 2, 2, 2, 2, 2, 2, 2, 2, 2, 2, 2, 2, 2, 2, 2, 2, 2, 2, 2, 2, 2, 2, 2, 2, 2, 2, 2, 2, 2, 2, 2, 2, 2, 2] 1688849860263936 1688849860263936  
[3, 3, 3, 3, 3, 3, 3, 3, 3, 3, 3, 3, 3, 3, 3, 3, 3, 3, 3, 3, 3, 3, 3, 3, 3, 3, 3, 3, 3, 3, 3, 3, 3, 3, 3, 3, 3, 3] 1801135623563989452 1801135623563989452  
[5, 5, 5, 5, 5, 5, 5, 5, 5, 5, 5, 5, 5, 5, 5, 5, 5, 5, 5, 5, 5, 5, 5, 5, 5, 5] 1788139343261718750 1788139343261718750  
[8, 8, 8, 8, 8, 8, 8, 8, 8, 8, 8, 8, 8, 8, 8, 8, 8, 8, 8, 8] 1297036692682702848 1297036692682702848  
[12, 12, 12, 12, 12, 12, 12, 12, 12, 12, 12, 12, 12, 12, 12, 12, 12] 2403495365635473408 2403495365635473408  
[19, 19, 19, 19, 19, 19, 19, 19, 19, 19, 19, 19, 19, 19] 841059669245141180 841059669245141180  
[25, 25, 25, 25, 25, 25, 25, 25, 25, 25, 25, 25, 25] 1549720764160156250 1549720764160156250  
[37, 37, 37, 37, 37, 37, 37, 37, 37, 37, 37] 182726206151878262 182726206151878262  
[50, 50, 50, 50, 50, 50, 50, 50, 50, 50] 99609375000000000 99609375000000000  
[100, 100, 100, 100, 100, 100, 100, 100, 100] 1010000000000000000 1010000000000000000  
[275, 275, 275, 275, 275, 275, 275] 119372762695312500 119372762695312500  
[777, 777, 777, 777, 777, 777] 220335609371317146 220335609371317146  
[1, 2, 2, 2, 2, 1, 1, 1, 2, 2, 1, 2, 2, 1, 1, 1, 2, 2, 1, 1, 2, 2, 2, 1, 2, 2, 1, 2, 1, 2, 2, 1, 2, 1, 2, 2, 2, 2, 1, 1, 1, 1, 1, 2, 2, 2, 1, 1, 2, 2] 536870912 536870912  
[2, 2, 3, 3, 3, 3, 2, 2, 2, 3, 3, 2, 3, 3, 2, 3, 3, 2, 2, 3, 3, 2, 3, 3, 3, 3, 2, 3, 3, 3, 3, 3, 2, 3, 2, 2, 2, 2, 2, 3, 2, 2, 3, 2, 2, 2] 1776893001870606336 1776893001870606336  
[4, 4, 5, 5, 4, 4, 5, 4, 5, 4, 4, 5, 5, 5, 5, 4, 5, 5, 5, 4, 5, 4, 5, 4, 4, 5, 5, 5] 3200000000000000000 3200000000000000000  
[8, 8, 8, 7, 7, 7, 8, 8, 7, 7, 8, 8, 7, 7, 8, 7, 7, 8, 7, 8, 8] 2773078757450186752 2773078757450186752  
[12, 12, 12, 13, 11, 12, 12, 12, 12, 12, 12, 13, 13, 10, 11, 10, 13] 1961474557091512320 1961474557091512320  
[18, 19, 17, 19, 19, 19, 20, 20, 20, 20, 17, 19, 18, 18] 707012234657280000 707012234657280000  
[24, 25, 23, 26, 23, 27, 22, 23, 26, 26, 23, 24, 22] 967627407648844800 967627407648844800  
[33, 35, 33, 33, 38, 38, 36, 35, 39, 38, 33, 38] 4381858202613091200 4381858202613091200  
[52, 46, 49, 48, 51, 50, 52, 47, 46, 47, 50] 3872626339196160000 3872626339196160000  
[102, 94, 94, 105, 91, 90, 94, 99, 94] 685518002684555040 685518002684555040  
[290, 256, 277, 274, 293, 247, 256] 104815995052359680 104815995052359680  
[806, 842, 781, 781, 755, 813] 254426030465823216 254426030465823216  
[904, 966, 923, 965, 994, 965] 746910247147018500 746910247147018500  
[3, 784, 7, 9, 19, 12, 354, 155] 2471646804480 2471646804480  
[37, 49, 176, 570, 11, 20, 2, 202] 24248262931200 24248262931200  
[11, 109, 3, 86, 24, 59, 10, 271, 16, 2, 18, 7, 112] 804083663078277120 804083663078277120  
[115, 121, 12, 28, 141, 4, 25, 25, 100, 30, 320] 1977711120000000000 1977711120000000000  
[101, 11, 59, 3, 178, 33] 1540139304 1540139304  
[205, 2, 360, 3, 108, 7] 502135200 502135200  
[179, 64, 132, 117, 178, 10, 94, 228, 409] 3036627313075040256 3036627313075040256  
[517, 167, 312, 442, 237, 10, 736, 178] 4066518247440270336 4066518247440270336  
[210, 22, 775, 69, 4, 9] 11117452500 11117452500  
[265, 954, 10, 23, 116, 4] 33724854000 33724854000  
[7, 884, 73, 23] 11873888 11873888  
[48, 3, 162, 11, 46] 15738624 15738624  
[259, 505, 272, 33, 879, 108, 138, 279] 4421146270930986240 4421146270930986240  
[303, 277, 5, 110, 7, 91, 294, 356, 948] 3501155751995341440 3501155751995341440  
[499, 429, 22, 473, 498, 86, 274, 161] 4399983495341762328 4399983495341762328  
[302, 135, 9, 216, 406, 494, 500, 216] 1907529225638400000 1907529225638400000  
[93, 17, 717, 75, 16, 48, 197, 628, 213] 1828133559107899200 1828133559107899200  
[670, 339, 21, 54, 82, 439, 64, 264, 24] 3938804784057876480 3938804784057876480  
[10, 51, 19, 4, 88, 5, 16, 11, 36, 207, 132, 593] 2188570779495936000 2188570779495936000  
[10, 103, 43, 592, 5, 378, 33, 48, 198] 18650513977159680 18650513977159680  
[206, 12, 85] 227630 227630  
[8, 65, 841] 491985 491985  
[139, 2, 92] 38364 38364  
[6, 400, 62] 173600 173600  
[22, 8, 171] 33858 33858  
[28, 2, 310] 26040 26040  
[19, 538] 10760 10760  
[9, 840] 8400 8400  
[688, 19] 13760 13760  
[538, 3, 13] 27976 27976  
[10, 671] 7381 7381  
[974, 3] 3896 3896  
[13, 239] 3346 3346  
[247, 18] 4693 4693  
[16, 64, 8, 128, 256, 4, 512, 32, 2, 512] 27021597764222976 27021597764222976  
[2, 4, 8, 16, 32, 64, 128, 256, 512, 512] 27021597764222976 27021597764222976  
[9, 243, 729, 27, 729, 729, 729, 81] 1500946352969991210 1500946352969991210  
[9, 27, 81, 243, 729, 729, 729, 729] 1500946352969991210 1500946352969991210  
[64, 4, 256, 256, 256, 256, 16, 256, 256] 1441151880758558720 1441151880758558720  
[4, 16, 64, 256, 256, 256, 256, 256, 256] 1441151880758558720 1441151880758558720  
[625, 125, 625, 5, 625, 625, 25, 625] 1788139343261718750 1788139343261718750  
[5, 25, 125, 625, 625, 625, 625, 625] 1788139343261718750 1788139343261718750  
[16, 2, 16, 16, 16, 16, 16, 16, 16, 16, 16, 16, 16, 1, 16, 16, 16] 4611686018427387904 4611686018427387904  
[1, 1, 1, 1, 16, 16, 16, 1, 1, 1, 2, 1, 16, 1, 16, 1, 16, 16, 1, 1, 1, 16, 1, 1, 16, 1, 1, 1, 16, 1, 1, 16, 1, 16, 1, 1, 1, 16, 1, 16, 1, 1, 1, 16, 1, 1, 1, 1, 1, 1] 4611686018427387904 4611686018427387904  
[1, 1, 1, 1] 2 2  
[1000, 999, 998, 997, 996, 995] 986074810223904000 986074810223904000  
[3, 2, 1] 12 12  
[4, 3] 16 16  
[17, 21, 3, 1, 5, 2] 21420 21420  
[3, 2, 2, 3] 54 54  
[100, 100, 100, 100, 100, 100] 1010000000000 1010000000000  
[1, 2, 3, 4, 5] 240 240  
[1, 3, 2, 1, 1, 3] 36 36  
[1000, 1000] 1001000 1001000  
[99, 100] 10000 10000  
